fair_utility:92.72922812722713
final_b0:378.00000000000006
alloc:[5.223767669919812, 5.225078681083617, 5.227034860830141, 5.22962595364805, 5.23283924136614, 5.2366596029905566, 5.241069583777801, 5.2460494732350185, 5.251577391705254, 5.257629385162687, 5.264179527812125, 5.2712000320577985, 5.27866136537925, 5.2865323736265, 5.294780410223311, 5.303371470746626, 5.312270332329945, 5.321440697322856, 5.330845340623526, 5.340446260088854, 5.350204829417663, 5.3600819528940065, 5.3700382213738465, 5.380034068894702, 5.390029929288602, 5.399986392180978, 5.409864357762245, 5.419625189727441, 5.429230865787048, 5.438644125165865, 5.447828612519288, 5.45674901771423, 5.465371210939054, 5.473662372628155, 5.481591117709286, 5.489127613705847, 5.496243692251909, 5.502912953606824, 5.509110863784258, 5.514814843941394, 5.520004351706461, 5.524660954155365, 5.528768392182371, 5.532312636045106, 5.535281931898709, 5.537666839172346, 5.539460258675405, 5.540657451360119, 5.541256047702404, 5.541256047702461]
time:0:00:00.064957