fair_utility:279.3753893837915
final_b0:378.0
alloc:[4.964063736347823, 4.964488067609853, 4.965124194936559, 4.965971749076626, 4.967030268859467, 4.968299201430995, 4.969777902528406, 4.971465636793901, 4.973361578127054, 4.975464810075927, 4.97777432626647, 4.980289030870267, 4.983007739110292, 4.985929177804479, 4.989051985947015, 4.9923747153267755, 4.995895831183148, 4.999613712898494, 5.0035266547271675, 5.007632866560968, 5.0119304747302635, 5.016417522840911, 5.0210919726463175, 5.025951704954565, 5.030994520569834, 5.036218141268108, 5.041620210806627, 5.047198295966609, 5.0529498876288415, 5.058872401881871, 5.064963181161886, 5.071219495424657, 5.077638543347803, 5.084217453564349, 5.090953285925735, 5.097843032794714, 5.104883620367048, 5.112071910021882, 5.119404699699544, 5.12687872530725, 5.1344906621509665, 5.142237126394036, 5.150114676540568, 5.158119814944655, 5.166248989342904, 5.17449859441146, 5.1828649733455165, 5.191344419461444, 5.199933177820299, 5.20862744687264, 5.217423380123478, 5.226317087816767, 5.235304638638922, 5.24438206144049, 5.253545346975272, 5.262790449655711, 5.272113289325148, 5.281509753044531, 5.290975696893895, 5.300506947787312, 5.31009930530098, 5.319748543513299, 5.329450412856318, 5.339200641977982, 5.348994939613533, 5.358828996466116, 5.368698487096083, 5.3785990718164385, 5.388526398595957, 5.398476104967244, 5.4084438199396345, 5.4184251659163465, 5.428415760614939, 5.438411218989472, 5.448407155154825, 5.4583991843111335, 5.468382924668333, 5.47835399936929, 5.488308038411731, 5.498240680566369, 5.5081475752922415, 5.518024384647333, 5.527866785193737, 5.537670469896852, 5.547431150017701, 5.557144556996491, 5.566806444329131, 5.576412589432437, 5.585958795500176, 5.595440893347472, 5.604854743242981, 5.614196236728446, 5.6234612984246155, 5.632645887822491, 5.6417460010591185, 5.650757672677514, 5.659676977369713, 5.6685000317014556, 5.67722299581942, 5.6858420751382255, 5.694353522007418, 5.702753637358569, 5.71103877232963, 5.719205329867691, 5.727249766308205, 5.735168592930904, 5.742958377490709, 5.750615745723849, 5.75813738282784, 5.765520034914516, 5.772760510436797, 5.779855681586696, 5.786802485664339, 5.793597926419693, 5.800239075361901, 5.8067230730399615, 5.813047130292148, 5.819208529463367, 5.825204625590004, 5.8310328475531605, 5.836690699198243, 5.842175760419877, 5.847485688213283, 5.85261821769177, 5.85757116306695, 5.862342418594949, 5.866929959485674, 5.871331842776385, 5.875546208166497, 5.879571278817707, 5.883405362113649, 5.8870468503839675, 5.890494221588028, 5.893746039961229, 5.896800956621632, 5.899657710137717, 5.902315127056454, 5.9047721223919325, 5.907027700073058, 5.909080953352145, 5.9109310651732585, 5.912577308499067, 5.914019046596877, 5.915255733286472, 5.916286913143381, 5.917112221663842, 5.9177313853881515, 5.918144221982288, 5.918350640279527, 5.918350640279527]
time:0:00:00.792513