fair_utility:372.4052655902491
final_b0:378.0
alloc:[4.809308926073738, 4.809624767016826, 4.81009837492873, 4.8107295963809396, 4.811518239680542, 4.812464074925796, 4.813566834070912, 4.814826210999975, 4.816241861610116, 4.8178134039037275, 4.819540418089794, 4.821422446694299, 4.823458994679662, 4.825649529573155, 4.82799348160421, 4.830490243850733, 4.833139172394112, 4.835939586483235, 4.8388907687070315, 4.841991965175808, 4.84524238571133, 4.848641204045265, 4.852187558026245, 4.855880549835433, 4.859719246210389, 4.863702678677342, 4.86782984379154, 4.872099703385999, 4.876511184828217, 4.881063181284901, 4.885754551994864, 4.890584122549399, 4.895550685180808, 4.900652999058536, 4.9058897905929655, 4.911259753746492, 4.916761550352561, 4.9223938104415765, 4.928155132574574, 4.934044084183682, 4.940059201919837, 4.946198992007794, 4.952461930607598, 4.95884646418321, 4.96535100987785, 4.971973955895891, 4.978713661891476, 4.985568459363293, 4.992536652056202, 4.9996165163687465, 5.0068063017667725, 5.0141042312036745, 5.021508501546123, 5.029017284005818, 5.036628724576929, 5.04434094447987, 5.052152040609371, 5.0600600859897895, 5.068063130233838, 5.076159200008647, 5.084346299505398, 5.092622410914828, 5.100985494907945, 5.10943349112074, 5.117964318644795, 5.126575876522054, 5.135266044243792, 5.144032682255158, 5.152873632463127, 5.16178671874917, 5.170769747486418, 5.179820508060345, 5.1889367733937775, 5.198116300476045, 5.2073568308952645, 5.216656091375114, 5.226011794314957, 5.2354216383327525, 5.244883308812803, 5.2543944784553105, 5.263952807830151, 5.273555945933481, 5.283201530746908, 5.29288718980041, 5.302610540737078, 5.312369191881146, 5.322160742808649, 5.3319827849201715, 5.341832902016051, 5.351708670874132, 5.361607661829339, 5.371527439355418, 5.381465562648771, 5.391419586213544, 5.401387060449338, 5.4113655322393015, 5.4213525455413105, 5.431345641978567, 5.441342361433442, 5.451340242640583, 5.461336823782744, 5.471329643086051, 5.4813162394173105, 5.491294152880755, 5.501260925415863, 5.511214101396831, 5.521151228229542, 5.53106985695149, 5.540967542829549, 5.550841845959553, 5.560690331864066, 5.57051057209037, 5.580300144808916, 5.590056635408814, 5.599777637095144, 5.609460751483766, 5.619103589194992, 5.62870377044726, 5.638258925648643, 5.647766695986661, 5.657224734016836, 5.66663070425011, 5.675982283736744, 5.685277162649527, 5.694513044864493, 5.703687648539017, 5.71279870668684, 5.721843967752079, 5.730821196178454, 5.739728172977152, 5.7485626962898095, 5.757322581950575, 5.766005664042041, 5.774609795449351, 5.783132848410219, 5.791572715060283, 5.799927307975167, 5.808194560707648, 5.816372428321188, 5.824458887917217, 5.832451939160023, 5.84034960479471, 5.848149931160833, 5.85585098870115, 5.863450872463773, 5.870947702600006, 5.878339624855698, 5.885624811057028, 5.8928014595895775, 5.89986779587241, 5.906822072823729, 5.913662571322675, 5.92038760066157, 5.926995498992937, 5.9334846337700355, 5.939853402177619, 5.94610023155883, 5.952223579830843, 5.958221935896404, 5.964093820044809, 5.969837784346623, 5.9754524130389655, 5.980936322903972, 5.98628816363771, 5.991506618210906, 5.996590403221376, 6.001538269236676, 6.006349001129365, 6.011021418401242, 6.015554375500642, 6.019946762127688, 6.024197503533173, 6.028305560804938, 6.032269931147312, 6.036089648147936, 6.039763782037426, 6.043291439937093, 6.046671766097688, 6.049903942127116, 6.052987187208942, 6.055920758309298, 6.058703950374479, 6.061336096516925, 6.063816568191783, 6.066144775361977, 6.06832016665237, 6.070342229494486, 6.072210490258499, 6.0739245143755625, 6.075483906449108, 6.076888310354889, 6.0781374093292015, 6.079230926048467, 6.080168622695055, 6.080950301012763, 6.081575802351836, 6.082045007703073, 6.082357837719655, 6.0825142527280605, 6.0825142527280605]
time:0:00:01.123308