fair_utility:186.08682594140947
final_b0:378.0
alloc:[5.429316663400917, 5.429316663400917, 5.4293166634009165, 5.429316663400918, 5.429316663400918, 5.429316663400915, 5.429316663400918, 5.429316663400918, 5.429316663400918, 5.429316663400918, 5.429316663400918, 5.429316663400911, 5.429316663400925, 5.429316663400911, 5.429316663400925, 5.429316663400911, 5.429316663400911, 5.429316663400925, 5.429316663400911, 5.429316663400925, 5.429316663400911, 5.429316663400925, 5.429316663400911, 5.429316663400911, 5.429316663400925, 5.429316663400925, 5.429316663400897, 5.429316663400925, 5.429316663400925, 5.429316663400925, 5.429316663400897, 5.429316663400925, 5.429316663400925, 5.429316663400897, 5.429316663400925, 5.429316663400925, 5.429316663400925, 5.429316663400897, 5.429316663400925, 5.429316663400925, 5.429316663400897, 5.429316663400925, 5.429316663400925, 5.429316663400925, 5.429316663400897, 5.429316663400925, 5.429316663400925, 5.429316663400897, 5.429316663400925, 5.429316663400925, 5.429316663400925, 5.429316663400925, 5.429316663400925, 5.4293166634008685, 5.429316663400925, 5.429316663400925, 5.429316663400925, 5.429316663400925, 5.429316663400925, 5.429316663400925, 5.4293166634008685, 5.429316663400925, 5.429316663400925, 5.429316663400925, 5.429316663400925, 5.429316663400925, 5.429316663400925, 5.4293166634008685, 5.429316663400925, 5.429316663400925, 5.429316663400925, 5.429316663400925, 5.429316663400925, 5.429316663400925, 5.4293166634008685, 5.429316663400925, 5.429316663400925, 5.429316663400925, 5.429316663400925, 5.429316663400925, 5.429316663400925, 5.4293166634008685, 5.429316663400925, 5.429316663400925, 5.429316663400925, 5.429316663400925, 5.429316663400925, 5.429316663400925, 5.4293166634008685, 5.429316663400925, 5.429316663400925, 5.429316663400925, 5.429316663400925, 5.429316663400925, 5.429316663400925, 5.4293166634008685, 5.429316663400982, 5.4293166634008685, 5.429316663400982, 5.4293166634008685]
time:0:00:00.009995