fair_utility:279.5812989125055
final_b0:378.0
alloc:[5.44867914479154, 5.44867914479154, 5.448679144791539, 5.448679144791541, 5.448679144791541, 5.448679144791537, 5.448679144791541, 5.448679144791541, 5.448679144791541, 5.448679144791541, 5.448679144791541, 5.448679144791534, 5.448679144791541, 5.448679144791541, 5.448679144791541, 5.448679144791541, 5.448679144791541, 5.448679144791541, 5.448679144791541, 5.448679144791541, 5.448679144791541, 5.448679144791541, 5.448679144791541, 5.448679144791527, 5.448679144791555, 5.448679144791527, 5.448679144791555, 5.448679144791527, 5.448679144791555, 5.448679144791527, 5.448679144791555, 5.448679144791527, 5.448679144791527, 5.448679144791555, 5.448679144791527, 5.448679144791555, 5.448679144791527, 5.448679144791555, 5.448679144791527, 5.448679144791555, 5.448679144791527, 5.448679144791555, 5.448679144791527, 5.448679144791555, 5.448679144791527, 5.448679144791555, 5.448679144791527, 5.448679144791527, 5.448679144791527, 5.448679144791583, 5.448679144791527, 5.448679144791527, 5.448679144791527, 5.448679144791583, 5.448679144791527, 5.448679144791527, 5.448679144791527, 5.448679144791583, 5.448679144791527, 5.448679144791527, 5.448679144791527, 5.448679144791583, 5.448679144791527, 5.448679144791527, 5.448679144791527, 5.448679144791527, 5.448679144791583, 5.448679144791527, 5.448679144791527, 5.448679144791527, 5.448679144791583, 5.448679144791527, 5.448679144791527, 5.448679144791527, 5.448679144791583, 5.448679144791527, 5.448679144791527, 5.448679144791527, 5.448679144791583, 5.448679144791527, 5.448679144791527, 5.448679144791527, 5.448679144791527, 5.448679144791583, 5.448679144791527, 5.448679144791527, 5.448679144791527, 5.448679144791583, 5.448679144791527, 5.448679144791527, 5.448679144791527, 5.448679144791583, 5.448679144791527, 5.448679144791527, 5.448679144791527, 5.448679144791527, 5.448679144791527, 5.448679144791527, 5.44867914479164, 5.448679144791527, 5.448679144791527, 5.448679144791527, 5.448679144791527, 5.448679144791527, 5.448679144791527, 5.448679144791527, 5.44867914479164, 5.448679144791527, 5.448679144791527, 5.448679144791527, 5.448679144791527, 5.448679144791527, 5.448679144791527, 5.448679144791527, 5.448679144791527, 5.44867914479164, 5.448679144791527, 5.448679144791527, 5.448679144791527, 5.448679144791527, 5.448679144791527, 5.448679144791527, 5.448679144791527, 5.44867914479164, 5.448679144791527, 5.448679144791527, 5.448679144791527, 5.448679144791527, 5.448679144791527, 5.448679144791527, 5.448679144791527, 5.448679144791527, 5.44867914479164, 5.448679144791527, 5.448679144791527, 5.448679144791527, 5.448679144791527, 5.448679144791527, 5.448679144791527, 5.448679144791527, 5.44867914479164, 5.448679144791527, 5.448679144791527, 5.448679144791527, 5.448679144791527, 5.448679144791527, 5.448679144791527, 5.448679144791527, 5.448679144791527, 5.44867914479164]
time:0:00:00.012991