fair_utility:91.94661254415608
final_b0:378.00000000000006
alloc:[3.742791308693479, 3.755552132279843, 3.77459988921761, 3.799841615351971, 3.831161751178069, 3.8684225329855764, 3.9114644519654505, 3.9601067821406737, 4.014148177899866, 4.07336734177624, 4.137523762923415, 4.206358526494604, 4.279595193833394, 4.356940753035971, 4.438086639048272, 4.522709822022485, 4.6104739621797535, 4.701030628916527, 4.794020581356492, 4.889075106996486, 4.985817414529805, 5.083864076363312, 5.182826515782864, 5.282312533173183, 5.381927865173367, 5.481277770153682, 5.579968632942766, 5.677609581324091, 5.773814106462751, 5.86820167912569, 5.960399353325471, 6.050043348853961, 6.136780604083242, 6.220270290396769, 6.300185279680022, 6.376213556442934, 6.4480595663697216, 6.51544549339215, 6.57811245775676, 6.635821628004777, 6.688355240296147, 6.735517519085619, 6.777135493791803, 6.8130597067792, 6.843164808698305, 6.867350037984238, 6.885539582097152, 6.897682818888626, 6.903754437284306, 6.903754437284363]
time:0:00:00.027982