fair_utility:180.19049109044795
final_b0:378.0
alloc:[2.2704801013658686, 2.280267472683799, 2.2948605713595995, 2.314172784130564, 2.338097501056602, 2.3665090756037603, 2.399263917408577, 2.436201706895453, 2.477146720086118, 2.5219092512559698, 2.570287120559282, 2.622067253364982, 2.677027317814268, 2.734937407026898, 2.7955617524367966, 2.858660454920482, 2.923991220683, 2.9913110892706882, 3.0603781415759315, 3.1309531762674467, 3.2028013437067955, 3.27569372707854, 3.3494088611530444, 3.4237341797993537, 3.498467384057605, 3.573417723251481, 3.64840718225895, 3.723271568657296, 3.797861494005133, 3.872043244020759, 3.9456995328576028, 4.0187301370688004, 4.091052405198809, 4.162601639247768, 4.233331344538428, 4.30321334478586, 4.37223775944733, 4.440412840728712, 4.507764667964452, 4.574336697490764, 4.640189166614988, 4.705398350865977, 4.770055674408752, 4.8342666743335485, 4.8981498204988725, 4.961835193721214, 5.025463026370829, 5.089182110843183, 5.153148082924133, 5.217521588740624, 5.282466345765556, 5.348147110199079, 5.414727564952898, 5.482368144373993, 5.551223813731042, 5.621441823293708, 5.693159458526708, 5.7665018094425875, 5.841579583461481, 5.918486987171633, 5.997299703116056, 6.07807298812034, 6.160839919674942, 6.245609816476218, 6.3323668583785775, 6.421068929716, 6.511646708194746, 6.604003019363574, 6.69801247402944, 6.793521402950262, 6.890348099722871, 6.988283379046891, 7.08709145353879, 7.186511128052018, 7.286257306102641, 7.386022798577187, 7.485480420492422, 7.584285357256704, 7.682077777743359, 7.778485667593543, 7.8731278526038295, 7.96561717889108, 8.055563813821891, 8.142578629511661, 8.226276629075073, 8.306280374785842, 8.382223376903369, 8.45375340215486, 8.52053566172566, 8.58225584009756, 8.638622928151733, 8.68937182659107, 8.734265688888797, 8.773097976571137, 8.805694203639064, 8.831913351247636, 8.851648938319954, 8.86482973849013, 8.871420138575218, 8.871420138575218]
time:0:00:00.038974