fair_utility:372.8940446873337
final_b0:378.0
alloc:[5.452516588276279, 5.452516588276279, 5.45251658827628, 5.4525165882762785, 5.4525165882762785, 5.452516588276282, 5.452516588276275, 5.452516588276282, 5.452516588276282, 5.452516588276275, 5.452516588276282, 5.452516588276282, 5.452516588276282, 5.452516588276268, 5.452516588276282, 5.452516588276282, 5.452516588276282, 5.452516588276282, 5.452516588276268, 5.452516588276282, 5.452516588276282, 5.452516588276282, 5.452516588276282, 5.452516588276282, 5.452516588276268, 5.452516588276296, 5.452516588276268, 5.452516588276268, 5.452516588276296, 5.452516588276268, 5.452516588276296, 5.452516588276268, 5.452516588276268, 5.452516588276296, 5.452516588276268, 5.452516588276296, 5.452516588276268, 5.452516588276268, 5.452516588276296, 5.452516588276268, 5.452516588276296, 5.452516588276268, 5.452516588276268, 5.452516588276296, 5.452516588276268, 5.452516588276296, 5.452516588276268, 5.452516588276296, 5.452516588276239, 5.452516588276296, 5.452516588276296, 5.452516588276296, 5.452516588276239, 5.452516588276296, 5.452516588276296, 5.452516588276239, 5.452516588276296, 5.452516588276296, 5.452516588276239, 5.452516588276296, 5.452516588276296, 5.452516588276296, 5.452516588276239, 5.452516588276296, 5.452516588276296, 5.452516588276239, 5.452516588276296, 5.452516588276296, 5.452516588276296, 5.452516588276239, 5.452516588276296, 5.452516588276296, 5.452516588276239, 5.452516588276296, 5.452516588276296, 5.452516588276239, 5.452516588276296, 5.452516588276296, 5.452516588276296, 5.452516588276239, 5.452516588276296, 5.452516588276296, 5.452516588276239, 5.452516588276296, 5.452516588276296, 5.452516588276239, 5.452516588276296, 5.452516588276296, 5.452516588276296, 5.452516588276239, 5.452516588276296, 5.452516588276296, 5.452516588276239, 5.452516588276296, 5.452516588276239, 5.452516588276353, 5.452516588276239, 5.452516588276239, 5.452516588276353, 5.452516588276239, 5.452516588276353, 5.452516588276239, 5.452516588276239, 5.452516588276353, 5.452516588276239, 5.452516588276239, 5.452516588276353, 5.452516588276239, 5.452516588276239, 5.452516588276353, 5.452516588276239, 5.452516588276239, 5.452516588276353, 5.452516588276239, 5.452516588276239, 5.452516588276353, 5.452516588276239, 5.452516588276239, 5.452516588276353, 5.452516588276239, 5.452516588276353, 5.452516588276239, 5.452516588276239, 5.452516588276353, 5.452516588276239, 5.452516588276239, 5.452516588276353, 5.452516588276239, 5.452516588276239, 5.452516588276353, 5.452516588276239, 5.452516588276239, 5.452516588276353, 5.452516588276239, 5.452516588276239, 5.452516588276353, 5.452516588276239, 5.452516588276353, 5.452516588276239, 5.452516588276239, 5.452516588276353, 5.452516588276239, 5.452516588276239, 5.452516588276353, 5.452516588276239, 5.452516588276239, 5.452516588276353, 5.452516588276239, 5.452516588276239, 5.452516588276353, 5.452516588276239, 5.452516588276239, 5.452516588276353, 5.452516588276239, 5.452516588276239, 5.452516588276353, 5.452516588276239, 5.452516588276353, 5.452516588276239, 5.452516588276239, 5.452516588276353, 5.452516588276239, 5.452516588276239, 5.452516588276353, 5.452516588276239, 5.452516588276239, 5.452516588276353, 5.452516588276239, 5.452516588276239, 5.452516588276353, 5.452516588276239, 5.452516588276239, 5.452516588276353, 5.452516588276239, 5.452516588276353, 5.452516588276239, 5.452516588276239, 5.452516588276353, 5.452516588276239, 5.452516588276239, 5.452516588276353, 5.452516588276239, 5.452516588276239, 5.452516588276353, 5.452516588276239, 5.452516588276239, 5.452516588276353, 5.452516588276239, 5.452516588276239, 5.452516588276239, 5.452516588276467, 5.452516588276239, 5.452516588276239, 5.452516588276239, 5.452516588276239, 5.452516588276239, 5.452516588276467, 5.452516588276239, 5.452516588276239, 5.452516588276239]
time:0:00:00.016989