fair_utility:273.29704563877215
final_b0:378.0
alloc:[2.189020502368899, 2.1995565847765115, 2.2152607336557466, 2.236034512304723, 2.2617567656298263, 2.2922847109404856, 2.3274551752974233, 2.3670859654289913, 2.4109773551477574, 2.4589136743133224, 2.510664982704803, 2.5659888116918133, 2.6246319563281197, 2.6863323004358293, 2.7508206573957494, 2.8178226097050896, 2.8870603308962615, 2.9582543741195124, 3.0311254125619556, 3.105395917890732, 3.1807917640505394, 3.2570437449962384, 3.3338889962792635, 3.4110723118114734, 3.488347348580845, 3.565477713568015, 3.642237928591527, 3.718414270271751, 3.793805483730722, 3.86822337001891, 3.9414932485659335, 4.013454297173752, 4.083959773198387, 4.152877120587576, 4.220087968349802, 4.28548802681965, 4.348986888749721, 4.410507742802793, 4.469987007435833, 4.527373893465921, 4.582629903789524, 4.635728278798723, 4.686653396005028, 4.735400132257297, 4.781973196728956, 4.826386442564484, 4.868662164728221, 4.908830391196659, 4.946928174193545, 4.982998887694521, 5.017091536936164, 5.049260085160398, 5.079562802323437, 5.108061640001466, 5.134821636244737, 5.159910353671819, 5.183397353660382, 5.205353709087802, 5.225851557699627, 5.2449636978450656, 5.262763228009533, 5.279323231297212, 5.29471650576528, 5.309015341285715, 5.322291343400792, 5.334615304440575, 5.346057121978674, 5.356685764505642, 5.366569283991566, 5.375774874781655, 5.384368978014095, 5.392417430454373, 5.399985656307706, 5.407138900184691, 5.413942498952508, 5.42046218970944, 5.42676445055929, 5.432916870243957, 5.438988542024504, 5.445050476472545, 5.451176027078475, 5.457441321787655, 5.463925692777536, 5.470712095989427, 5.477887511161498, 5.485543312389268, 5.49377559859937, 5.502685472784833, 5.512379258446742, 5.52296864144455, 5.5345707254080025, 5.547307989028013, 5.561308133957937, 5.576703812723849, 5.593632227002672, 5.6122345878707165, 5.632655431169724, 5.655041782979936, 5.679542172316644, 5.706305490563636, 5.7354796997986455, 5.767210395013365, 5.801639228247723, 5.838902205787122, 5.8791278727576355, 5.922435402635529, 5.968932612288654, 6.018713926121393, 6.0718583156227055, 6.1284272430496, 6.188462640032753, 6.251984953513784, 6.31899129253361, 6.3894537099522495, 6.463317653132208, 6.54050061693431, 6.620891031035967, 6.704347411576464, 6.790697804478441, 6.879739544496829, 6.971239350171686, 7.064933770433413, 7.160529993715613, 7.25770702515581, 7.356117231874691, 7.455388250561782, 7.555125245727368, 7.654913501151782, 7.7543213213785975, 7.852903214664138, 7.950203323743153, 8.045759066191636, 8.139104942155768, 8.22977646387767, 8.317314158832687, 8.401267596468529, 8.481199387550191, 8.556689104977409, 8.627337075668834, 8.692767994685255, 8.752634315157138, 8.806619370757062, 8.854440191331946, 8.895849976828345, 8.93064019970393, 8.958642311522908, 8.979729035281935, 8.993815231086046, 9.000858328988215, 9.000858328988215]
time:0:00:00.055968