fair_utility:366.6517380787468
final_b0:378.0
alloc:[2.1995315910934137, 2.2099680832763955, 2.2255243769104434, 2.246103533826373, 2.2715862334229655, 2.3018318413233647, 2.336679621754138, 2.375950080000937, 2.4194464202374704, 2.466956103158349, 2.518252487178053, 2.573096536492681, 2.6312385790395574, 2.6924200973307073, 2.756375535276092, 2.822834104443885, 2.891521573719622, 2.9621620270106277, 3.0344795744846422, 3.1082000038148223, 3.1830523590107234, 3.2587704356276745, 3.3350941824453244, 3.4117710010703703, 3.488556936327086, 3.5652177517328028, 3.641529885793517, 3.717281286277, 3.7922721210108534, 3.8663153650916797, 3.93923726566436, 4.010877686623871, 4.081090336693094, 4.149742885329388, 4.216716971802612, 4.281908113560846, 4.345225520655319, 4.40659182352924, 4.4659427218886805, 4.523226562668185, 4.578403855283511, 4.631446732434398, 4.682338364688604, 4.731072336951371, 4.777651994711931, 4.822089767669127, 4.86440647798284, 4.904630639985498, 4.942797757729494, 4.978949626252756, 5.013133641924355, 5.045402126694853, 5.075811670532687, 5.104422495782984, 5.131297846650028, 5.156503406482187, 5.180106745037648, 5.202176797431861, 5.222783376021226, 5.241996716061152, 5.259887055595556, 5.276524249689032, 5.291977418802844, 5.3063146308437865, 5.319602616174535, 5.3319065146739035, 5.343289653762781, 5.353813356172964, 5.363536776126182, 5.372516762506393, 5.38080774754809, 5.388461659527195, 5.395527857919603, 5.402053089490948, 5.408081463793621, 5.4136544465678185, 5.418810869579261, 5.4235869554655665, 5.4280163562102075, 5.432130203915506, 5.4359571726000695, 5.439523549803425, 5.442853316838352, 5.445968236590659, 5.448887947823891, 5.45163006500627, 5.4542102827315375, 5.45664248386629, 5.4589388506094565, 5.461109977706428, 5.463164987116045, 5.465111643484931, 5.466956469837896, 5.468704862954439, 5.470361207956785, 5.471928991699485, 5.4734109146139645, 5.474809000728953, 5.4761247056626985, 5.477359022455516, 5.478512585197564, 5.4795857704922355, 5.480578796887016, 5.481491822506769, 5.482325041223476, 5.483078777808032, 5.483753582622398, 5.4843503265233835, 5.484870296767326, 5.485315294818918, 5.4856877370777966, 5.485990759639037, 5.486228328298523, 5.486405355087186, 5.486527822678795, 5.486602918043445, 5.486639176723315, 5.486646639065498, 5.4866370196727985, 5.4866238912002245, 5.486622883443488, 5.486651898424839, 5.486731341867994, 5.4868843710868305, 5.4871371588583315, 5.4875191723393755, 5.48806346549577, 5.488806982862798, 5.489790871735977, 5.491060799130651, 5.492667269032722, 5.494665934629666, 5.497117899361228, 5.500089999784109, 5.503655062440089, 5.507892126150978, 5.512886620492395, 5.51873049062101, 5.525522258199203, 5.5333670078874775, 5.542376288790592, 5.552667920385375, 5.564365692827664, 5.577598952178505, 5.592502061996925, 5.609213733945126, 5.627876221541669, 5.648634372966285, 5.671634540875175, 5.697023349489427, 5.724946321758239, 5.75554637213429, 5.788962173385926, 5.82532640886393, 5.864763924678755, 5.907389799269026, 5.953307350778118, 6.002606105447967, 6.055359752794857, 6.111624115603604, 6.171435164669788, 6.2348071096926105, 6.301730598697304, 6.3721710588032465, 6.446067211007858, 6.523329790895673, 6.603840505791368, 6.687451256844724, 6.773983651886965, 6.863228831633705, 6.954947627995921, 7.048871068932726, 7.144701239500819, 7.242112503626458, 7.340753085715505, 7.440247005622155, 7.54019635485281, 7.640183896249255, 7.73977596393479, 7.838525635091855, 7.935976140297271, 8.031664474763943, 8.125125169021317, 8.215894174390883, 8.303512816141733, 8.387531765516997, 8.467514980911574, 8.543043568416124, 8.6137195126895, 8.679169230695265, 8.739046903200688, 8.793037542033176, 8.840859754879489, 8.882268173800412, 8.9170555185583, 8.945054271188383, 8.96613794392988, 8.980221928514311, 8.987263920806072, 8.9872639208063]
time:0:00:00.071954