fair_utility:355.94766969287235
alloc:[0.015484684666059099, 0.02446951544896545, 0.040602329401888494, 0.06652260658390265, 0.10539408289713303, 0.1607053559549566, 0.2359961266580779, 0.3345333011717476, 0.4589732401067331, 0.6110519255967488, 0.7913427893705194, 0.999113159384668, 1.2322968015787565, 1.4875845884218988, 1.7606206313053558, 2.046279434048227, 2.3389921122727966, 2.6330869999187865, 2.9231118209436, 3.2041102296871955, 3.47183366560348, 3.722878674215199, 3.9547487522206737, 4.16584733833642, 4.355414157796602, 4.5234204631154284, 4.670439800815473, 4.797510011357609, 4.9059996834524, 4.997488823187396, 5.073669677681266, 5.136269997200799, 5.1869979103178, 5.227505268549109, 5.2593649203537325, 5.284056924657847, 5.302959136965157, 5.317338733295671, 5.328342830687134, 5.3369880859257535, 5.34415062355113, 5.350558517027736, 5.356789134693855, 5.363272989326703, 5.370304504547988, 5.378058646785348, 5.386611027104095, 5.39595821854482, 5.406034969183139, 5.41672585393232, 5.427870553548587, 5.4392639460850205, 5.450653962042139, 5.461741160916432, 5.4721839240579015, 5.481612006777169, 5.489649212514081, 5.495943626448536, 5.500201766009468, 5.502221701538161, 5.501919972124455, 5.499347957479586, 5.494694990007332, 5.488277489468743, 5.480515355764226, 5.471898425209702, 5.4629467861439025, 5.454169137486531, 5.4460232777217925, 5.438882395778194, 5.433010205433675, 5.42854713862522, 5.425508777982884, 5.42379650126685, 5.423219035789259, 5.423522414285742, 5.424424812822224, 5.425652067571377, 5.426969466951164, 5.428205848059804, 5.429267142481933, 5.430138187088573, 5.430873534224304, 5.431579766112861, 5.432393064946382, 5.43345625022954, 5.43489908565499, 5.436824511066561, 5.439301886454757, 5.442366737386521, 5.44602520960035, 5.450260700898582, 5.4550400457075625, 5.460317175295529, 5.466033234734482, 5.472113445695129, 5.478462216693799, 5.484958790869882, 5.491455875483382, 5.497783173110065, 5.503756645485566, 5.509192928468053, 5.513926918325694, 5.51782953981791, 5.5208223883741425, 5.522886424381227, 5.5240630559009105, 5.524447459037674, 5.524175470821206, 5.523406512856809, 5.522305539793592, 5.52102687194855, 5.519702045359111, 5.518432721610907, 5.517288546086775, 5.516308901901766, 5.515506954272951, 5.514874283044605, 5.514384731093514, 5.513996735547039, 5.513654160251008, 5.5132862874514785, 5.512807990340775, 5.512121151693236, 5.511118174110607, 5.509688030402003, 5.507724792807949, 5.505138010276596, 5.5018637524281075, 5.4978747208497225, 5.493187662494279, 5.487866494377954, 5.4820200978999765, 5.475794625018011, 5.469361234137864, 5.462901187267221, 5.456590887248353, 5.450589481591692, 5.44503105420597, 5.440022316142063, 5.435645376269008, 5.431963955923038, 5.429030617609897, 5.426892421920229, 5.425592954295325, 5.425169714325193, 5.425647124114562, 5.427026556554779, 5.429275571734934, 5.432318869983874, 5.436033302666942, 5.44024866378038, 5.444755020858224, 5.4493162141642415, 5.4536880798550555, 5.457639125741366, 5.460970922937918, 5.4635354291876865, 5.465246857708735, 5.466086536219109, 5.466100358822132, 5.465389693776046, 5.464097677584505, 5.462393435368426, 5.4604567732189935, 5.458465307048982, 5.4565850070615625, 5.454964057888333, 5.453729103763408, 5.452982605064108, 5.452800215334719, 5.4532280066513295, 5.454282431437946, 5.455964114212293, 5.4583123323520795, 5.461547580739193, 5.4663635544678755, 5.474419777629464, 5.489037804538157, 5.516018203687622, 5.564394322954854, 5.646860561670451, 5.779597799246517, 5.981290770981559, 6.271286663798037, 6.6670460758563195, 7.181232523282802, 7.818919427057381, 8.575425215981909, 9.43520715343766, 10.372071735136501, 11.35073523855226, 12.329542768005922, 13.263974083992252, 14.110460933357786, 14.830024953873249, 15.391309762120272, 15.772703565238544, 15.963400466797793, 15.963400466797793]
time:0:00:00.022984