fair_utility:169.14848133430704
alloc:[0.015484684666059099, 0.02446951544896545, 0.040602329401888494, 0.06652260658390265, 0.10539408289713303, 0.1607053559549566, 0.2359961266580779, 0.3345333011717476, 0.4589732401067331, 0.6110519255967488, 0.7913427893705194, 0.999113159384668, 1.2322968015787565, 1.4875845884218988, 1.7606206313053558, 2.046279434048227, 2.3389921122727966, 2.6330869999187865, 2.9231118209436, 3.2041102296871955, 3.47183366560348, 3.722878674215199, 3.9547487522206737, 4.16584733833642, 4.355414157796602, 4.5234204631154284, 4.670439800815473, 4.797510011357609, 4.9059996834524, 4.997488823187396, 5.073669677681266, 5.136269997200799, 5.1869979103178, 5.227505268549109, 5.2593649203537325, 5.284056924657847, 5.302959136965157, 5.317338733295671, 5.328342830687134, 5.3369880859257535, 5.34415062355113, 5.350558517027736, 5.356789134693855, 5.363272989326703, 5.370304504547988, 5.378058646785348, 5.386611027104095, 5.39595821854482, 5.406034969183139, 5.41672585393232, 5.427870553548587, 5.4392639460850205, 5.450653962042139, 5.461741160916432, 5.4721839240579015, 5.481612006777169, 5.489649212514081, 5.495943626448536, 5.500201766009468, 5.502221701538161, 5.501919972124455, 5.499347957479586, 5.494694990007332, 5.488277489468743, 5.480515355764226, 5.471898425209702, 5.4629467861439025, 5.454169137486531, 5.4460232777217925, 5.438882395778194, 5.433010205433675, 5.428547503703669, 5.425514076710499, 5.423836279169677, 5.423424741122801, 5.424345944017489, 5.427144664355978, 5.433364146438407, 5.4462631692130685, 5.4716445755209975, 5.518610053945622, 5.599979202601389, 5.732097192255594, 5.933828523471732, 6.224689452694292, 6.622273657493395, 7.139320433101375, 7.7809067886966545, 8.542275604499764, 9.407730968882788, 10.350858066957699, 11.336099876246635, 12.321497059848241, 13.262217033054696, 14.114394530666573, 14.838790544800872, 15.40384143944425, 15.787793330553995, 15.979769276108982, 15.979769276108868]
time:0:00:00.010993