fair_utility:92.73695391902255
final_b0:378.00000000000006
alloc:[5.390030735916465, 5.390030735916465, 5.390030735916465, 5.390030735916465, 5.390030735916465, 5.390030735916465, 5.390030735916461, 5.3900307359164685, 5.3900307359164685, 5.390030735916461, 5.390030735916461, 5.3900307359164685, 5.3900307359164685, 5.390030735916454, 5.3900307359164685, 5.3900307359164685, 5.3900307359164685, 5.3900307359164685, 5.390030735916454, 5.3900307359164685, 5.3900307359164685, 5.390030735916454, 5.3900307359164685, 5.3900307359164685, 5.3900307359164685, 5.3900307359164685, 5.3900307359164685, 5.39003073591644, 5.3900307359164685, 5.3900307359164685, 5.3900307359164685, 5.3900307359164685, 5.3900307359164685, 5.3900307359164685, 5.3900307359164685, 5.3900307359164685, 5.39003073591644, 5.3900307359164685, 5.3900307359164685, 5.3900307359164685, 5.3900307359164685, 5.3900307359164685, 5.3900307359164685, 5.39003073591644, 5.3900307359164685, 5.3900307359164685, 5.3900307359164685, 5.3900307359164685, 5.3900307359164685, 5.3900307359164685]
time:0:00:00.003997