fair_utility:186.02556999048426
final_b0:378.0
alloc:[5.103707498842977, 5.104349811597548, 5.105312014869002, 5.1065928452822185, 5.1081907267201245, 5.110103772178043, 5.11232978592156, 5.1148662659454445, 5.117710406731021, 5.120859102299015, 5.124308949554617, 5.12805625192123, 5.132097023259163, 5.1364269920651395, 5.141041605948303, 5.145936036378089, 5.151105183699187, 5.156543682408298, 5.162245906687488, 5.168205976188403, 5.174417762061566, 5.180874893224612, 5.187570762863018, 5.1944985351571376, 5.201651152228337, 5.209021341297557, 5.216601622049069, 5.224384314191866, 5.2323615452114325, 5.2405252583038475, 5.248867220484669, 5.257379030863916, 5.266052129079526, 5.274877803880855, 5.283847201852694, 5.292951336272864, 5.302181096092767, 5.311527255033496, 5.320980480787256, 5.33053134431583, 5.340170329236628, 5.349887841286488, 5.359674217855002, 5.369519737576411, 5.379414629972217, 5.389349085133517, 5.399313263434493, 5.4092973052668185, 5.41929134078606, 5.429285499659329, 5.439269920805884, 5.44923476212017, 5.45917021016777, 5.469066489845261, 5.478913873993747, 5.4887026929574745, 5.498423344076571, 5.508066301106737, 5.517622123554588, 5.527081465920901, 5.536435086841607, 5.5456738581183345, 5.554788773629696, 5.563770958113366, 5.572611675811913, 5.581302338973046, 5.58983451619622, 5.59819994061678, 5.60639051792117, 5.614398334183306, 5.622215663516897, 5.629834975533356, 5.637248942601332, 5.644450446897622, 5.651432587245097, 5.658188685729954, 5.664712294091373, 5.670997199878457, 5.677037432368422, 5.682827268239237, 5.688361236992989, 5.693634126122788, 5.698640986020621, 5.7033771346191315, 5.707838161764812, 5.712019933317379, 5.715918594971811, 5.719530575800093, 5.722852591507831, 5.72588164740489, 5.728615041085504, 5.731050364816269, 5.733185507630196, 5.7350186571243285, 5.736548300959953, 5.737773228063702, 5.738692529529544, 5.7393055992192785, 5.739612134064146, 5.739612134064032]
time:0:00:00.319801