fair_utility:75.97329637636827
alloc:[0.015484684666059099, 0.02446951544896545, 0.040602329401888494, 0.06652260658390265, 0.10539408289713303, 0.1607053559549566, 0.2359961266580779, 0.3345333011717476, 0.4589732401067331, 0.6110519255967488, 0.7913427893705194, 0.999113159384668, 1.2322968015787565, 1.4875845884218988, 1.7606206313053558, 2.046279434048227, 2.3389921122727966, 2.6330869999187865, 2.9231118209436, 3.2041102296871955, 3.47183366560348, 3.722879039293648, 3.9547540492052278, 4.1658870911766925, 4.355619675548802, 4.524243019823366, 4.673155723630181, 4.805208942186802, 4.925255457066108, 5.040830692987711, 5.162789388654019, 5.305640124836771, 5.487301831275801, 5.728076002261773, 6.048780929954134, 6.468194929798088, 7.000150049797597, 7.650750587185442, 8.416222995345848, 9.281824607755283, 10.222066866086408, 11.202285487538887, 12.181365651109076, 13.115250888700103, 13.960761195227292, 14.679230369839274, 15.239537056560835, 15.620226449629342, 15.810571146163625, 15.810571146163625]
time:0:00:00.006996