fair_utility:262.6755822469349
alloc:[0.015484684666059099, 0.02446951544896545, 0.040602329401888494, 0.06652260658390265, 0.10539408289713303, 0.1607053559549566, 0.2359961266580779, 0.3345333011717476, 0.4589732401067331, 0.6110519255967488, 0.7913427893705194, 0.999113159384668, 1.2322968015787565, 1.4875845884218988, 1.7606206313053558, 2.046279434048227, 2.3389921122727966, 2.6330869999187865, 2.9231118209436, 3.2041102296871955, 3.47183366560348, 3.722878674215199, 3.9547487522206737, 4.16584733833642, 4.355414157796602, 4.5234204631154284, 4.670439800815473, 4.797510011357609, 4.9059996834524, 4.997488823187396, 5.073669677681266, 5.136269997200799, 5.1869979103178, 5.227505268549109, 5.2593649203537325, 5.284056924657847, 5.302959136965157, 5.317338733295671, 5.328342830687134, 5.3369880859257535, 5.34415062355113, 5.350558517027736, 5.356789134693855, 5.363272989326703, 5.370304504547988, 5.378058646785348, 5.386611027104095, 5.39595821854482, 5.406034969183139, 5.41672585393232, 5.427870553548587, 5.4392639460850205, 5.450653962042139, 5.461741160916432, 5.4721839240579015, 5.481612006777169, 5.489649212514081, 5.495943626448536, 5.500201766009468, 5.502221701538161, 5.501919972124455, 5.499347957479586, 5.494694990007332, 5.488277489468743, 5.480515355764226, 5.471898425209702, 5.4629467861439025, 5.454169137486531, 5.4460232777217925, 5.438882395778194, 5.433010205433675, 5.42854713862522, 5.425508777982884, 5.42379650126685, 5.423219035789259, 5.423522414285742, 5.424424812822224, 5.425652067571377, 5.426969466951164, 5.428205848059804, 5.429267142481933, 5.430138187088573, 5.430873534224304, 5.431579766112861, 5.432393064946382, 5.43345625022954, 5.43489908565499, 5.436824511066561, 5.439301886454757, 5.442366737386521, 5.44602520960035, 5.450260700898582, 5.4550400457075625, 5.460317175295529, 5.466033234734482, 5.472113445695129, 5.478462216693799, 5.484958790869882, 5.491455875483382, 5.497783173110065, 5.503756645485566, 5.509192928468053, 5.513926918325694, 5.51782953981791, 5.5208223883741425, 5.522886424381227, 5.5240630559009105, 5.524447459037674, 5.524175470821206, 5.523406512856809, 5.522305539793592, 5.52102687194855, 5.519702045359111, 5.518432721610907, 5.517288546086775, 5.516308901901766, 5.515506954272951, 5.514874283044605, 5.514384731093514, 5.513996735547039, 5.513654160251008, 5.513286652529928, 5.5128132891815085, 5.512160930426717, 5.511323878532721, 5.510511515893313, 5.510444307274838, 5.512848463882392, 5.521151488957798, 5.541295457676711, 5.582484063806987, 5.657601561154365, 5.78302695692912, 5.977639176278217, 6.260963526532123, 6.650611686648631, 7.1593624052130735, 7.792362651652184, 8.544960384518049, 9.40159972093511, 10.336036152666907, 11.312904831911737, 12.290449426989994, 13.224038812557751, 14.069995232183828, 14.789241998170837, 15.350343505627734, 15.731633321587992, 15.92227822956795, 15.922278229568064]
time:0:00:00.017989